$ 1 0.01 0.6798259793203881 59 5 50 5e-11
r 336 160 336 240 0 10000
w 336 240 288 240 2
s 240 240 288 240 0 1 true
w 240 240 192 240 0
g 192 240 192 288 0 0
d 336 288 336 240 2 default
w 336 400 768 400 0
c 336 240 400 240 4 0.000001 0.04248430669179992 0.001 0.1
r 400 240 400 160 0 100000
w 400 144 480 144 0
w 480 160 480 192 0
w 480 192 512 192 0
c 512 192 560 192 4 1e-7 0.04419865951108193 0.001 0
w 560 192 560 224 0
w 560 224 560 240 0
w 560 240 400 240 2
w 336 400 336 288 0
f 672 256 624 256 32 1.5 0.02
w 624 240 560 240 0
g 624 272 624 320 0 0
w 560 192 624 192 0
f 640 192 640 144 41 1.5 0.02
w 624 192 640 192 0
w 624 144 480 144 0
w 480 144 480 160 0
w 656 144 720 144 0
c 720 144 720 256 4 0.00001 -0.013190991287019744 0.001 0
r 720 256 816 256 0 300000
r 816 256 816 144 0 100000
w 816 144 720 144 0
w 816 144 976 144 2
r 976 144 1024 144 0 1000
162 1024 144 1072 144 2 default-led 1 0 0 0.01
g 1072 144 1120 144 0 0
L 976 320 1072 320 0 0 false 5 0
w 768 400 832 400 0
w 832 400 832 256 0
w 832 256 816 256 0
r 912 256 832 256 0 1000
f 976 320 928 320 32 1.5 0.02
g 928 336 928 368 0 0
w 912 304 912 272 0
w 400 160 400 144 0
w 928 304 912 304 0
w 912 272 912 256 0
f 512 320 544 320 32 1.5 0.02
w 560 240 544 304 0
g 544 336 544 368 0 0
s 400 320 448 320 0 1 false
R 384 320 384 272 0 0 40 5 0 0 0.5
x 1095 296 1155 299 4 24 GPIO
x 1039 359 1580 362 4 24 input\safter\spower\sup\sto\scheck\sPWR_BUTTON\sstate
x 1026 382 1442 385 4 24 ,\sand\soutput\slogic\shigh\sto\sdisable\spower
x 144 195 304 198 4 24 PWR\sBUTTON
x 377 358 462 361 4 24 5V\sUSB
x 993 105 1163 108 4 24 SYSTEM\sLOAD
x 532 122 757 125 4 24 HIGH-SIDE\sSWITCH
w 384 320 400 320 0
r 480 320 480 336 0 47000
g 480 336 480 352 0 0
r 448 320 480 320 0 1000
w 512 320 480 320 2
R 368 64 368 0 0 0 40 5 0 0 0.5
w 368 64 368 144 1
w 368 144 400 144 0
w 336 160 336 144 0
w 336 144 368 144 0
r 976 144 976 192 0 1000
g 976 192 976 224 0 0
w 672 256 720 256 2
o 30 4 0 4099 6.5536 0.0001 0 6 30 3 34 0 34 3 1 0 1 3
